y <- 1:11
